0 44 13 1
1 48 13 9
2 19 100 6
3 58 67 1
4 6 50 2
5 55 73 7
6 30 76 1
7 27 44 8
8 7 16 5
9 10 47 0
10 58 40 8
11 19 18 5
12 28 6 10
13 54 22 6
14 32 95 2
15 44 14 9
16 50 44 3
17 9 72 8
18 41 78 0
19 46 16 10
20 55 84 5
21 40 31 7
22 19 95 1
23 10 76 10
24 42 8 4
25 50 11 7
26 19 73 9
27 33 1 3
28 9 34 10
29 49 32 2
30 30 81 10
31 23 1 4
32 30 12 2
33 44 69 0
34 54 13 2
35 48 31 2
36 6 95 0
37 40 17 1
38 47 51 1
39 49 50 6
40 45 54 1
41 51 47 0
42 10 63 0
43 42 97 7
44 22 73 9
45 50 50 5
46 59 97 3
47 41 5 3
48 29 89 4
49 18 62 7
